% light1
tau_a=3.8;
n11=0.024;
np=0.022;
%{
% light2
tau_a=2.5;
n11=-0.01;
np=0.02;

% mid1
n11=0.12;
np=0.019;

% mid2
tau_a=2.9;
n11=0.019;
np=0.021;

% heavy1
n11=0.12;
np=0.018;

% heavy2
tau_a=2.5;
n11=0.026;
np=0.02;

% heavy3
tau_a=3;
n11=0.048;
np=0.02;
%}
